CPU:          Intel(R) Xeon(R) Processor (8 logical)
Kernel:       6.12.94+
OS:           Linux x86_64 / Ubuntu 24.04.4 LTS
Compiler:     g++ 13.3.0 [RelWithDebInfo]
Flags:        -O2 -g -DNDEBUG
Sanitizer:    none
Boost:        1.83.0
Governor:     unavailable
TSC:          constant, nonstop
Hardware PMU: NOT available (no vPMU)

sustained run: 300 s at 300000 msg/s, 64 B payloads, reporting every 15 s

   t(s)   recv      Mmsg/s   p50us   p99us  p99.9us   maxus  dropped  depth  allocs   rss(MiB)
  15.00  4498687        0.30   16.51   24.45    26.75 3278.30        0    680      48      21.62
  30.00  4499999        0.30   17.28   25.86    29.31  207.41        0    680       0      21.62
  45.00  4499951        0.30   18.05   26.62    30.34  101.84        0    680       0      21.63
  60.00  4500049        0.30   18.05   26.75    30.98  838.72        0    680       0      21.63
  75.00  4499999        0.30   18.18   26.88    30.98  174.38        0    680       0      21.63
  90.00  4500002        0.30   18.18   26.75    30.85  128.92        0    680       0      21.63
 105.00  4500001        0.30   17.79   26.11    30.08  212.56        0    680       0      21.63
 120.00  4500000        0.30   17.54   25.86    29.44  839.02        0    680       0      21.63
 135.00  4500001        0.30   17.41   25.73    29.44  145.08        0    680       0      21.63
 150.00  4500000        0.30   18.05   26.50    30.21  287.24        0    680       0      21.63
 165.00  4500001        0.30   18.05   26.24    29.70  254.59        0    680       0      21.63
 180.00  4499998        0.30   17.92   26.11    29.31  113.61        0    680       0      21.63
 195.00  4500002        0.30   18.05   26.11    29.57  952.49        0    680       0      21.63
 210.00  4499999        0.30   17.92   26.37    30.34   99.20        0    680       0      21.63
 225.00  4500001        0.30   17.92   26.11    29.57  105.54        0    680       0      21.63
 240.00  4499999        0.30   18.05   26.37    29.95   97.00        0    680       0      21.63
 255.00  4500002        0.30   17.92   26.24    29.95  836.99        0    680       0      21.63
 270.00  4499999        0.30   18.18   26.75    31.10   92.86        0    680       0      21.63
 285.00  4500001        0.30   18.05   26.50    30.34   95.83        0    680       0      21.63
 300.00  4500001        0.30   18.05   26.50    30.46   79.61        0    680       0      21.63

drift from the first interval to the last:
  p50   9.30 %
  p99   8.38 %
  p99.9 13.88 %
  rss   0.05 %  (21.62 -> 21.63 MiB)
  allocations per interval: 48 -> 0
total received 90000001
wrote /workspace/results/latest/sustained.csv
